5
15
9
2
6
4
10
10
9
7
5
15
7
4
10
6
9
9
4
7
10
11
7
7
13
5
11
12
8
9
9
6
7
12
5
7
13
7
7
9
6
9
14
7
10
5
6
6
12
9
9
9
6
11
5
10
9
4
8
6
5
7
12
10
5
9
11
10
9
8
3
5
11
4
6
10
6
10
9
11
5
6
12
8
7
10
6
10
7
4
13
9
7
15
8
8
6
6
8
6
8
11
11
10
10
4
6
3
8
12
7
6
6
9
17
9
9
5
8
8
12
9
11
13
8
3
8
3
5
7
6
8
8
7
11
10
3
6
9
6
6
9
6
11
11
3
5
7
8
8
6
11
6
3
6
11
14
6
8
10
4
6
8
5
3
9
10
7
15
6
5
10
4
5
6
4
9
5
8
10
7
5
12
14
5
9
10
9
7
8
9
11
11
7
10
14
6
8
5
11
13
14
3
8
15
5
9
4
5
9
5
7
9
9
1
4
8
8
11
8
4
6
8
9
7
7
12
7
5
3
5
7
3
5
7
7
8
10
14
12
6
7
9
12
10
6
7
6
9
10
6
4
6
10
10
3
9
12
10
4
8
5
8
6
12
7
9
10
12
6
11
9
8
3
9
5
15
3
9
5
5
7
6
6
12
12
7
8
7
8
8
13
9
9
9
10
13
10
6
4
12
8
8
10
5
9
12
15
4
7
9
7
10
3
6
6
9
2
10
10
7
6
9
6
5
7
7
10
13
6
9
9
8
6
11
9
10
10
8
5
6
11
8
8
7
13
10
3
7
11
5
6
7
11
5
8
10
11
7
7
3
12
9
5
10
7
8
2
13
5
5
9
9
8
8
9
7
6
7
7
7
8
13
11
7
6
6
7
8
8
8
9
6
8
5
9
7
10
8
9
9
12
10
6
6
9
12
10
7
11
4
9
9
8
6
6
9
10
7
8
5
9
5
4
13
4
7
7
12
7
5
4
11
6
16
6
9
14
5
14
6
9
8
8
14
5
5
5
7
7
3
5
11
7
11
6
8
8
6
5
6
7
10
7
6
4
4
13
7
12
9
9
6
9
2
6
7
4
8
3
6
9
8
6
7
7
7
6
11
10
7
9
6
5
4
7
9
5
6
7